{
  "camera_angle_x": 1.5714150986843918,
  "camera_angle_y": 1.0253078076867475,
  "fl_x": 639.6041084613693,
  "fl_y": 639.6041084613693,
  "k1": -5.905876231315459e-05,
  "k2": 0,
  "p1": 0,
  "p2": 0,
  "cx": 640.0,
  "cy": 360.0,
  "w": 1280.0,
  "h": 720.0,
  "aabb_scale": 16,
  "frames": [
    {
      "file_path": "images/frame_00127.png",
      "sharpness": 90.29255709045626,
      "transform_matrix": [
        [
          -0.46475636716414503,
          -0.00035152010623581916,
          0.8854385329393797,
          8.822426418102278
        ],
        [
          0.8854386016607659,
          -0.0001356783942008785,
          0.4647563493707226,
          1.9738771279577503
        ],
        [
          -4.3236322991777e-05,
          0.9999999290124114,
          0.00037430686891256297,
          2.8162049589271607
        ],
        [
          0.0,
          0.0,
          0.0,
          1.0
        ]
      ]
    },
    {
      "file_path": "images/frame_00058.png",
      "sharpness": 58.75921680117755,
      "transform_matrix": [
        [
          -0.39148831708688486,
          -0.0005517210018275686,
          0.9201829128973515,
          5.0238145185558505
        ],
        [
          0.9201830641150229,
          -0.0004102969342600801,
          0.39148813541704336,
          2.108937251455414
        ],
        [
          0.00016155600184439067,
          0.9999997636300729,
          0.0006683107782977005,
          -1.3109073606646662
        ],
        [
          0.0,
          0.0,
          0.0,
          1.0
        ]
      ]
    },
    {
      "file_path": "images/frame_00057.png",
      "sharpness": 57.456856103445126,
      "transform_matrix": [
        [
          -0.3746632991054343,
          -0.0002624310708034749,
          0.9271609048235396,
          4.706508172214834
        ],
        [
          0.92716094146678,
          -0.00013879485192656998,
          0.37466327462726207,
          2.07401440470065
        ],
        [
          3.0361876145914563e-05,
          0.99999995593288,
          0.00029531717579795526,
          -1.4132667330685846
        ],
        [
          0.0,
          0.0,
          0.0,
          1.0
        ]
      ]
    },
    {
      "file_path": "images/frame_00056.png",
      "sharpness": 56.86866673013468,
      "transform_matrix": [
        [
          -0.35748443964398463,
          -0.0004595489138558424,
          0.9339189816183532,
          4.389514750590415
        ],
        [
          0.933919089636693,
          -7.195627541814463e-05,
          0.3574844455839511,
          2.0417430789847133
        ],
        [
          -9.708025722890381e-05,
          0.9999998918184592,
          0.00045490475206851413,
          -1.5113704750495724
        ],
        [
          0.0,
          0.0,
          0.0,
          1.0
        ]
      ]
    },
    {
      "file_path": "images/frame_00055.png",
      "sharpness": 56.85734346821678,
      "transform_matrix": [
        [
          -0.3402637649400838,
          -8.777752700292185e-05,
          0.9403300285345273,
          4.124822025911683
        ],
        [
          0.9403300283934637,
          6.317907943118897e-05,
          0.3402637707866528,
          1.9059741159246908
        ],
        [
          -8.927669789266078e-05,
          0.9999999941516746,
          6.104229302627203e-05,
          -1.614815586972813
        ],
        [
          0.0,
          0.0,
          0.0,
          1.0
        ]
      ]
    },
    {
      "file_path": "images/frame_00054.png",
      "sharpness": 57.63993746890889,
      "transform_matrix": [
        [
          -0.3228207223270602,
          -0.00014718467102932365,
          0.9464601204344256,
          3.7777777578524128
        ],
        [
          0.9464601282593856,
          -0.00013765790763371852,
          0.32282070358873793,
          1.720965971564474
        ],
        [
          8.277346077859323e-05,
          0.9999999796934064,
          0.00018374324779658928,
          -1.674960738775588
        ],
        [
          0.0,
          0.0,
          0.0,
          1.0
        ]
      ]
    },
    {
      "file_path": "images/frame_00053.png",
      "sharpness": 58.33460022632974,
      "transform_matrix": [
        [
          -0.30557377369618927,
          2.902085459902803e-05,
          0.95216840316548,
          3.460822798646371
        ],
        [
          0.9521683881568506,
          -0.00017083719180975877,
          0.3055737740864539,
          1.6876005575329018
        ],
        [
          0.00017153378819380826,
          0.9999999849861417,
          2.4570625042488186e-05,
          -1.7741288607061358
        ],
        [
          0.0,
          0.0,
          0.0,
          1.0
        ]
      ]
    },
    {
      "file_path": "images/frame_00052.png",
      "sharpness": 58.50729124937899,
      "transform_matrix": [
        [
          -0.2879612714181744,
          -4.71146455619479e-05,
          0.9576420541847974,
          3.143965613925005
        ],
        [
          0.9576420523010986,
          -9.388364643024506e-05,
          0.2879612662328057,
          1.6540899354889276
        ],
        [
          7.633973502768729e-05,
          0.9999999944829554,
          7.215382006082187e-05,
          -1.8722708874697251
        ],
        [
          0.0,
          0.0,
          0.0,
          1.0
        ]
      ]
    },
    {
      "file_path": "images/frame_00051.png",
      "sharpness": 58.96080441245797,
      "transform_matrix": [
        [
          -0.27044912409994326,
          0.00030134936108788156,
          0.9627342210921848,
          2.880594652664052
        ],
        [
          0.9627342661421391,
          1.8393928417131543e-05,
          0.27044913099771617,
          1.5208032672274938
        ],
        [
          6.379120848543878e-05,
          0.999999954425032,
          -0.00029509397782850254,
          -1.9756026785592768
        ],
        [
          0.0,
          0.0,
          0.0,
          1.0
        ]
      ]
    },
    {
      "file_path": "images/frame_00050.png",
      "sharpness": 59.458828292597296,
      "transform_matrix": [
        [
          -0.2528555635140407,
          0.00011035778812741931,
          0.9675040319404336,
          2.5334964282457473
        ],
        [
          0.9675040382306219,
          2.6025206836771308e-05,
          0.2528555621894208,
          1.340149776183625
        ],
        [
          2.725088012276417e-06,
          0.9999999935718435,
          -0.00011335222400374712,
          -2.034445773319548
        ],
        [
          0.0,
          0.0,
          0.0,
          1.0
        ]
      ]
    },
    {
      "file_path": "images/frame_00049.png",
      "sharpness": 59.63541636433377,
      "transform_matrix": [
        [
          -0.23530840466648487,
          0.0006954949032549351,
          0.9719205065127463,
          2.2155880151346974
        ],
        [
          0.9719207553540693,
          0.00016601952245456485,
          0.23530834611099943,
          1.3051995725152055
        ],
        [
          2.2979770585005044e-06,
          0.9999997443620661,
          -0.0007150317206887054,
          -2.1375551010654594
        ],
        [
          0.0,
          0.0,
          0.0,
          1.0
        ]
      ]
    },
    {
      "file_path": "images/frame_00048.png",
      "sharpness": 59.61322875123152,
      "transform_matrix": [
        [
          -0.21735133952741564,
          0.0004616070378851345,
          0.9760933265443528,
          1.8973801540056763
        ],
        [
          0.9760934355021053,
          8.294034685636853e-05,
          0.21735132456600362,
          1.272330887208879
        ],
        [
          1.9373382045545572e-05,
          0.9999998900198347,
          -0.00046859879495133965,
          -2.234038441327959
        ],
        [
          0.0,
          0.0,
          0.0,
          1.0
        ]
      ]
    },
    {
      "file_path": "images/frame_00047.png",
      "sharpness": 60.63720635055581,
      "transform_matrix": [
        [
          -0.1996100820191303,
          0.000165016616817054,
          0.9798753940811414,
          1.634803669881601
        ],
        [
          0.9798754078042168,
          5.234532084831608e-05,
          0.19961007599940211,
          1.1398474675851709
        ],
        [
          -1.83529124705336e-05,
          0.9999999850146617,
          -0.00017214437848592134,
          -2.330610617131422
        ],
        [
          0.0,
          0.0,
          0.0,
          1.0
        ]
      ]
    },
    {
      "file_path": "images/frame_00046.png",
      "sharpness": 62.43348611258622,
      "transform_matrix": [
        [
          -0.18143553172353902,
          0.00031289465519114854,
          0.9834027912940716,
          1.2868445042684367
        ],
        [
          0.983402841038056,
          4.94377248981415e-05,
          0.18143552517131672,
          0.9559348317011838
        ],
        [
          8.153009427841045e-06,
          0.9999999498263418,
          -0.00031667125276468297,
          -2.393272735896588
        ],
        [
          0.0,
          0.0,
          0.0,
          1.0
        ]
      ]
    },
    {
      "file_path": "images/frame_00045.png",
      "sharpness": 64.18209095156656,
      "transform_matrix": [
        [
          -0.16338384813032664,
          0.00037790906721416094,
          0.9865625045351679,
          0.9685196083054535
        ],
        [
          0.9865625767435054,
          8.125722715112217e-05,
          0.16338382896259337,
          0.919515822221633
        ],
        [
          -1.8421103128664417e-05,
          0.9999999252909173,
          -0.0003861070615858756,
          -2.491966765973637
        ],
        [
          0.0,
          0.0,
          0.0,
          1.0
        ]
      ]
    },
    {
      "file_path": "images/frame_00044.png",
      "sharpness": 65.24152894329673,
      "transform_matrix": [
        [
          -0.1453244625805921,
          0.0006324789514444259,
          0.9893838489412883,
          0.6521083528654925
        ],
        [
          0.989384045467226,
          0.00019963014050389212,
          0.14532436383040945,
          0.8881585184295703
        ],
        [
          -0.00010559623552164706,
          0.9999997800589873,
          -0.0006547757265365593,
          -2.592901334227202
        ],
        [
          0.0,
          0.0,
          0.0,
          1.0
        ]
      ]
    },
    {
      "file_path": "images/frame_00043.png",
      "sharpness": 64.80898976213584,
      "transform_matrix": [
        [
          -0.12727424800597983,
          0.0007765377546962238,
          0.9918672606672063,
          0.3886442426513716
        ],
        [
          0.9918675555314501,
          0.00023520258021308193,
          0.1272741017010614,
          0.7543297727701894
        ],
        [
          -0.00013445659377188905,
          0.9999996708342967,
          -0.0008001578360540985,
          -2.6931818833690597
        ],
        [
          0.0,
          0.0,
          0.0,
          1.0
        ]
      ]
    },
    {
      "file_path": "images/frame_00042.png",
      "sharpness": 64.76422025536633,
      "transform_matrix": [
        [
          -0.10917047500938572,
          0.000787877838526147,
          0.9940227294355882,
          0.04166130480450742
        ],
        [
          0.9940230308680165,
          0.00023400691164232596,
          0.10917032263727801,
          0.5726105073636797
        ],
        [
          -0.000146595311186838,
          0.9999996622445014,
          -0.0008087153627049625,
          -2.7538818127888764
        ],
        [
          0.0,
          0.0,
          0.0,
          1.0
        ]
      ]
    },
    {
      "file_path": "images/frame_00041.png",
      "sharpness": 64.74346482455724,
      "transform_matrix": [
        [
          -0.09091542268356649,
          0.0007269035223836489,
          0.9958583521411954,
          -0.2759711871344211
        ],
        [
          0.9958586077680756,
          0.0002056919204228139,
          0.09091529588063772,
          0.5359773786755478
        ],
        [
          -0.00013875336810683525,
          0.999999714650931,
          -0.0007425936976705131,
          -2.851320042230223
        ],
        [
          0.0,
          0.0,
          0.0,
          1.0
        ]
      ]
    },
    {
      "file_path": "images/frame_00040.png",
      "sharpness": 64.61260324691244,
      "transform_matrix": [
        [
          -0.07271495929270724,
          0.0007320242355961728,
          0.9973524947757527,
          -0.5925409384991487
        ],
        [
          0.99735276000808,
          0.00013604725330202568,
          0.07271487877601007,
          0.5044604679898325
        ],
        [
          -8.245801393568796e-05,
          0.9999997228157131,
          -0.0007399790622503774,
          -2.950005929808049
        ],
        [
          0.0,
          0.0,
          0.0,
          1.0
        ]
      ]
    },
    {
      "file_path": "images/frame_00039.png",
      "sharpness": 62.45051873832928,
      "transform_matrix": [
        [
          -0.0544606036323004,
          0.0006463300400996557,
          0.9985157108975926,
          -0.8555622345064069
        ],
        [
          0.9985159180692825,
          9.870421033718977e-05,
          0.054460551041439355,
          0.3701004460142957
        ],
        [
          -6.335821461496246e-05,
          0.9999997862573762,
          -0.0006507463242418644,
          -3.0488570042093714
        ],
        [
          0.0,
          0.0,
          0.0,
          1.0
        ]
      ]
    },
    {
      "file_path": "images/frame_00038.png",
      "sharpness": 62.557404677505495,
      "transform_matrix": [
        [
          -0.03622967325265606,
          0.0005223283151334242,
          0.999343353382098,
          -1.2020603002102088
        ],
        [
          0.999343489884747,
          1.794565388283434e-05,
          0.03622966882166963,
          0.188261830016437
        ],
        [
          9.899119435579909e-07,
          0.999999863425453,
          -0.0005226355664875241,
          -3.1087640356801733
        ],
        [
          0.0,
          0.0,
          0.0,
          1.0
        ]
      ]
    },
    {
      "file_path": "images/frame_00037.png",
      "sharpness": 61.372884427077494,
      "transform_matrix": [
        [
          -0.01783682308653471,
          0.00031023938554572346,
          0.9998408630844927,
          -1.5198872288246228
        ],
        [
          0.9998409007142941,
          -0.00013940573331881818,
          0.017836867013870276,
          0.15138131625500217
        ],
        [
          0.00014491724738285725,
          0.9999999421587009,
          -0.0003077034712786168,
          -3.2053017842092744
        ],
        [
          0.0,
          0.0,
          0.0,
          1.0
        ]
      ]
    },
    {
      "file_path": "images/frame_00036.png",
      "sharpness": 58.40856779729634,
      "transform_matrix": [
        [
          0.0002821877610501491,
          0.00048563191100892887,
          0.9999998422657648,
          -1.836337486832155
        ],
        [
          0.9999999593095054,
          -4.198264853546677e-05,
          -0.0002821674059614701,
          0.12050658754438134
        ],
        [
          4.1845612416784314e-05,
          0.9999998811994651,
          -0.0004856437382379071,
          -3.3051751964180403
        ],
        [
          0.0,
          0.0,
          0.0,
          1.0
        ]
      ]
    },
    {
      "file_path": "images/frame_00035.png",
      "sharpness": 54.8082473706047,
      "transform_matrix": [
        [
          0.018590508285536076,
          0.0004472565759687196,
          0.9998270815311419,
          -2.099435322521766
        ],
        [
          0.9998271815640247,
          -5.591004570173452e-06,
          -0.018590507644473862,
          -0.014085047931657244
        ],
        [
          -2.724689012363598e-06,
          0.999999899965063,
          -0.00044728322140355503,
          -3.404382705101487
        ],
        [
          0.0,
          0.0,
          0.0,
          1.0
        ]
      ]
    },
    {
      "file_path": "images/frame_00034.png",
      "sharpness": 52.41091570030286,
      "transform_matrix": [
        [
          0.036735846284755354,
          0.0006034155147204647,
          0.9993248288155855,
          -2.446123943646355
        ],
        [
          0.9993249956539207,
          0.00015303349820928913,
          -0.03673594482302013,
          -0.19566065343310896
        ],
        [
          -0.00017509721345517292,
          0.9999998062351336,
          -0.0005973863915588898,
          -3.4659588101352736
        ],
        [
          0.0,
          0.0,
          0.0,
          1.0
        ]
      ]
    },
    {
      "file_path": "images/frame_00033.png",
      "sharpness": 49.70493880025949,
      "transform_matrix": [
        [
          0.05503275680647842,
          0.0007671841914393961,
          0.9984842548115294,
          -2.763998870675122
        ],
        [
          0.9984845173567892,
          0.0002116295844905732,
          -0.05503293388234148,
          -0.23241307238019387
        ],
        [
          -0.00025352920484920477,
          0.9999996833205376,
          -0.0007543749776567863,
          -3.5645723025913925
        ],
        [
          0.0,
          0.0,
          0.0,
          1.0
        ]
      ]
    },
    {
      "file_path": "images/frame_00032.png",
      "sharpness": 50.27884498159887,
      "transform_matrix": [
        [
          0.07329614848879858,
          0.0009052057016607894,
          0.9973098090459079,
          -3.0811759661276827
        ],
        [
          0.9973101753303204,
          0.00023226867533910568,
          -0.07329638622652444,
          -0.2647774615338197
        ],
        [
          -0.00029799213497316986,
          0.9999995633267748,
          -0.0008857464577163639,
          -3.6640404587375195
        ],
        [
          0.0,
          0.0,
          0.0,
          1.0
        ]
      ]
    },
    {
      "file_path": "images/frame_00031.png",
      "sharpness": 54.475386932888185,
      "transform_matrix": [
        [
          -0.4645535688469471,
          -0.0007118664430924237,
          0.8855447334367542,
          6.599588999904476
        ],
        [
          0.8855450106926468,
          -0.00023190805287235633,
          0.4645535278695182,
          2.6661058293410265
        ],
        [
          -0.00012533511264782913,
          0.999999719732292,
          0.0007381234905662271,
          2.8234526566689953
        ],
        [
          0.0,
          0.0,
          0.0,
          1.0
        ]
      ]
    },
    {
      "file_path": "images/frame_00030.png",
      "sharpness": 51.63847480868705,
      "transform_matrix": [
        [
          -0.45710930236834,
          -0.0006907976453697736,
          0.8894102588157966,
          6.26011933890485
        ],
        [
          0.889410524610658,
          -0.00042961396484882906,
          0.45710910529504345,
          2.4865011251912734
        ],
        [
          6.633317405217182e-05,
          0.9999996691150923,
          0.0008107832359278937,
          2.7668808012331985
        ],
        [
          0.0,
          0.0,
          0.0,
          1.0
        ]
      ]
    },
    {
      "file_path": "images/frame_00029.png",
      "sharpness": 49.22430432201154,
      "transform_matrix": [
        [
          -0.4414021997265878,
          -0.0005764099481418719,
          0.8973091807331188,
          5.942309180693697
        ],
        [
          0.897309300662172,
          9.768717806534379e-05,
          0.4414023214737084,
          2.4565356203674793
        ],
        [
          -0.0003420842909483115,
          0.9999998291042985,
          0.00047409867217878697,
          2.665473338096629
        ],
        [
          0.0,
          0.0,
          0.0,
          1.0
        ]
      ]
    },
    {
      "file_path": "images/frame_00012.png",
      "sharpness": 56.38486448007781,
      "transform_matrix": [
        [
          -0.14578993976957158,
          -0.00014807522644863706,
          0.9893155571078179,
          0.6545622823661964
        ],
        [
          0.9893154446736655,
          0.0004778782994098345,
          0.14578999472692944,
          0.8908248856961202
        ],
        [
          -0.0004943603224935144,
          0.9999998748529413,
          7.682326001105422e-05,
          1.1317221856856066
        ],
        [
          0.0,
          0.0,
          0.0,
          1.0
        ]
      ]
    },
    {
      "file_path": "images/frame_00011.png",
      "sharpness": 58.44134834787097,
      "transform_matrix": [
        [
          -0.1277526440896748,
          3.179013774227967e-05,
          0.991806060133393,
          0.3913245872772654
        ],
        [
          0.9918059693662178,
          0.00043311889728484633,
          0.1277526185154651,
          0.756983047798234
        ],
        [
          -0.0004255086737458613,
          0.9999999056986194,
          -8.686173271309864e-05,
          1.0308220603661546
        ],
        [
          0.0,
          0.0,
          0.0,
          1.0
        ]
      ]
    },
    {
      "file_path": "images/frame_00010.png",
      "sharpness": 59.984921398847696,
      "transform_matrix": [
        [
          -0.10958047315094206,
          -4.1925615178207226e-05,
          0.9939779263877535,
          0.0437535165123941
        ],
        [
          0.9939778433602112,
          0.00040627988676265235,
          0.10958048113435555,
          0.5746809539998401
        ],
        [
          -0.00040842746846047565,
          0.9999999165893647,
          -2.8472096667659424e-06,
          0.9704835484630779
        ],
        [
          0.0,
          0.0,
          0.0,
          1.0
        ]
      ]
    },
    {
      "file_path": "images/frame_00009.png",
      "sharpness": 61.59749249258737,
      "transform_matrix": [
        [
          -0.09135420879289874,
          4.2155146641634706e-05,
          0.9958184607440289,
          -0.27400459839014424
        ],
        [
          0.9958183789955777,
          0.0004112682595556482,
          0.09135418388360063,
          0.5380425448852024
        ],
        [
          -0.0004056974761656424,
          0.9999999145405974,
          -7.954995624832044e-05,
          0.8717613440527517
        ],
        [
          0.0,
          0.0,
          0.0,
          1.0
        ]
      ]
    },
    {
      "file_path": "images/frame_00008.png",
      "sharpness": 62.81927971379789,
      "transform_matrix": [
        [
          -0.07317205420503003,
          2.9134462656205504e-05,
          0.9973193318262907,
          -0.590076933742981
        ],
        [
          0.9973192791679444,
          0.00032840939876461377,
          0.07317204074780488,
          0.5060389824135588
        ],
        [
          -0.00032539721405275415,
          0.9999999456491433,
          -5.308675162306584e-05,
          0.7731789899169949
        ],
        [
          0.0,
          0.0,
          0.0,
          1.0
        ]
      ]
    },
    {
      "file_path": "images/frame_00007.png",
      "sharpness": 64.58276676959892,
      "transform_matrix": [
        [
          -0.05491823557377641,
          0.00012302494952627679,
          0.9984908473622404,
          -0.8529639223528115
        ],
        [
          0.9984907914936566,
          0.0003632593414215955,
          0.05491818774342686,
          0.371184910476168
        ],
        [
          -0.00035595482035308935,
          0.9999999264536736,
          -0.00014278884131251293,
          0.6729794642443825
        ],
        [
          0.0,
          0.0,
          0.0,
          1.0
        ]
      ]
    },
    {
      "file_path": "images/frame_00006.png",
      "sharpness": 65.43130067861026,
      "transform_matrix": [
        [
          -0.03665231026600017,
          0.00018322429378970256,
          0.9993280615397843,
          -1.1997917957199096
        ],
        [
          0.9993279577193647,
          0.0004980416841702462,
          0.03665221514348954,
          0.18900791528682906
        ],
        [
          -0.000490991454572368,
          0.9999998591915795,
          -0.00020135553765103333,
          0.6124928722300371
        ],
        [
          0.0,
          0.0,
          0.0,
          1.0
        ]
      ]
    },
    {
      "file_path": "images/frame_00005.png",
      "sharpness": 67.49108476457532,
      "transform_matrix": [
        [
          -0.01835138510497058,
          0.0001973613378841874,
          0.9998315796738325,
          -1.5175581317104285
        ],
        [
          0.9998314670809324,
          0.0005176151488401398,
          0.018351280863960262,
          0.15260541205171307
        ],
        [
          -0.0005139061385847434,
          0.9999998465614381,
          -0.00020682703093432265,
          0.5144248366679282
        ],
        [
          0.0,
          0.0,
          0.0,
          1.0
        ]
      ]
    },
    {
      "file_path": "images/frame_00004.png",
      "sharpness": 68.08057012435921,
      "transform_matrix": [
        [
          -0.00016912710664971907,
          0.00013874987959111793,
          0.999999976072166,
          -1.8331421377924062
        ],
        [
          0.9999998355364113,
          0.0005480409617115165,
          0.00016905104226198675,
          0.12088186227002648
        ],
        [
          -0.0005480174927863248,
          0.9999998401996948,
          -0.00013884254535398246,
          0.4161000284792615
        ],
        [
          0.0,
          0.0,
          0.0,
          1.0
        ]
      ]
    },
    {
      "file_path": "images/frame_00003.png",
      "sharpness": 69.77843997756439,
      "transform_matrix": [
        [
          0.018195712130616642,
          0.00032193643665034716,
          0.9998343924954923,
          -2.096716494488499
        ],
        [
          0.9998343284514651,
          0.0004755835674634395,
          -0.01819586409813602,
          -0.014244098541054791
        ],
        [
          -0.00048136271890517475,
          0.9999998350885069,
          -0.00031322951925472883,
          0.31540083766952415
        ],
        [
          0.0,
          0.0,
          0.0,
          1.0
        ]
      ]
    },
    {
      "file_path": "images/frame_00002.png",
      "sharpness": 71.42459202885803,
      "transform_matrix": [
        [
          0.03663623080797001,
          0.00029494349139086613,
          0.9993286244276015,
          -2.444604674819059
        ],
        [
          0.9993285840873006,
          0.000398874227835326,
          -0.03663634705345527,
          -0.19807338842930527
        ],
        [
          -0.0004094120855340511,
          0.999999876953756,
          -0.0002801322133630616,
          0.25438619884002117
        ],
        [
          0.0,
          0.0,
          0.0,
          1.0
        ]
      ]
    },
    {
      "file_path": "images/frame_00001.png",
      "sharpness": 72.88316384717567,
      "transform_matrix": [
        [
          0.054957252483871386,
          0.0003169972465203901,
          0.9984886578785007,
          -2.762289697298145
        ],
        [
          0.9984886341777913,
          0.00036760425599555516,
          -0.054957367885293575,
          -0.23493351776561625
        ],
        [
          -0.00038447001449507206,
          0.9999998821898413,
          -0.00029631562780535936,
          0.15635999737046408
        ],
        [
          0.0,
          0.0,
          0.0,
          1.0
        ]
      ]
    },
    {
      "file_path": "images/frame_00000.png",
      "sharpness": 74.03909963739495,
      "transform_matrix": [
        [
          0.07316209972378641,
          0.0002726778744844918,
          0.9973200252730431,
          -3.0785453788718424
        ],
        [
          0.9973200052940973,
          0.00031884589051740114,
          -0.07316218543400578,
          -0.2669684098614095
        ],
        [
          -0.00033794110080580443,
          0.9999999119919536,
          -0.000248619664385891,
          0.05761011023802534
        ],
        [
          0.0,
          0.0,
          0.0,
          1.0
        ]
      ]
    },
    {
      "file_path": "images/frame_00013.png",
      "sharpness": 54.34272710026159,
      "transform_matrix": [
        [
          -0.16371160060594722,
          -0.000333943278928347,
          0.9865081856268427,
          0.9704115619768019
        ],
        [
          0.9865081613377022,
          0.0003493436672357423,
          0.16371171483161437,
          0.920599366484453
        ],
        [
          -0.00039930081417481345,
          0.9999998832203574,
          0.00027224615916198396,
          1.232026920854916
        ],
        [
          0.0,
          0.0,
          0.0,
          1.0
        ]
      ]
    },
    {
      "file_path": "images/frame_00027.png",
      "sharpness": 47.224337714506966,
      "transform_matrix": [
        [
          -0.4083949363437489,
          -0.0010672580598761795,
          0.9128047090856065,
          5.3627673480088545
        ],
        [
          0.9128049238644741,
          0.00046931396994611465,
          0.40839558116263847,
          2.293824162221474
        ],
        [
          -0.0008642554774201216,
          0.9999993203520047,
          0.000782532963207658,
          2.472895968425687
        ],
        [
          0.0,
          0.0,
          0.0,
          1.0
        ]
      ]
    },
    {
      "file_path": "images/frame_00015.png",
      "sharpness": 50.77105069727065,
      "transform_matrix": [
        [
          -0.19955432049508262,
          -0.0008114556995651203,
          0.9798864294964154,
          1.6346041886294942
        ],
        [
          0.9798866720536998,
          0.0002714354964369586,
          0.19955459467097336,
          1.1377698013085635
        ],
        [
          -0.0004279056726623696,
          0.9999996339310625,
          0.0007409684989161623,
          1.395981543907282
        ],
        [
          0.0,
          0.0,
          0.0,
          1.0
        ]
      ]
    },
    {
      "file_path": "images/frame_00016.png",
      "sharpness": 49.333591965411344,
      "transform_matrix": [
        [
          -0.21761526901750938,
          -0.00024195905159263786,
          0.9760345978222771,
          1.8980830980625665
        ],
        [
          0.9760345122975953,
          0.000432575369589993,
          0.21761535718451663,
          1.2744642997643871
        ],
        [
          -0.00047486253232195317,
          0.9999998771670959,
          0.0001420253794935462,
          1.489472760782345
        ],
        [
          0.0,
          0.0,
          0.0,
          1.0
        ]
      ]
    },
    {
      "file_path": "images/frame_00017.png",
      "sharpness": 47.12282837779828,
      "transform_matrix": [
        [
          -0.23532365773742633,
          -0.0005313881580563599,
          0.9719169170950488,
          2.2118159162217825
        ],
        [
          0.9719169627383901,
          0.00032411106158871533,
          0.235323845993989,
          1.3044550489856717
        ],
        [
          -0.00044005732884519494,
          0.9999998062892237,
          0.00044019416408707984,
          1.5909591900624867
        ],
        [
          0.0,
          0.0,
          0.0,
          1.0
        ]
      ]
    },
    {
      "file_path": "images/frame_00018.png",
      "sharpness": 45.977701043875705,
      "transform_matrix": [
        [
          -0.2531689162890824,
          -0.0006063978946126946,
          0.9674218997451137,
          2.5285774469625504
        ],
        [
          0.967421950346065,
          0.0003782368523938,
          0.25316916661690625,
          1.3425979046833403
        ],
        [
          -0.0005194358639137677,
          0.9999997446091258,
          0.0004908848198708403,
          1.6897565064961884
        ],
        [
          0.0,
          0.0,
          0.0,
          1.0
        ]
      ]
    },
    {
      "file_path": "images/frame_00019.png",
      "sharpness": 45.80285411195493,
      "transform_matrix": [
        [
          -0.27079199602068094,
          -0.0006803992506700192,
          0.9626376431180296,
          2.8766841313770253
        ],
        [
          0.9626377458303008,
          0.0003435591083876103,
          0.2707922677439224,
          1.5241563708943286
        ],
        [
          -0.0005149697864301843,
          0.9999997095118771,
          0.0005619449442182581,
          1.7526203554953956
        ],
        [
          0.0,
          0.0,
          0.0,
          1.0
        ]
      ]
    },
    {
      "file_path": "images/frame_00020.png",
      "sharpness": 46.300755494715766,
      "transform_matrix": [
        [
          -0.2880416694393778,
          -0.0010269180506865929,
          0.9576173255041561,
          3.1381072998374617
        ],
        [
          0.9576177446016391,
          0.00021521281046564742,
          0.2880420262869925,
          1.6535196519490873
        ],
        [
          -0.0005018870721228044,
          0.9999994495611501,
          0.0009214046903779527,
          1.8552286999002168
        ],
        [
          0.0,
          0.0,
          0.0,
          1.0
        ]
      ]
    },
    {
      "file_path": "images/frame_00021.png",
      "sharpness": 47.76935193731297,
      "transform_matrix": [
        [
          -0.3057797670316801,
          -0.0006349244933535155,
          0.952102059101218,
          3.457067816580525
        ],
        [
          0.9521020796780663,
          0.0004297152065424264,
          0.3057800602026601,
          1.689312660720011
        ],
        [
          -0.0006032799827779345,
          0.9999997061077412,
          0.0004731147148139224,
          1.9494589219953962
        ],
        [
          0.0,
          0.0,
          0.0,
          1.0
        ]
      ]
    },
    {
      "file_path": "images/frame_00022.png",
      "sharpness": 47.680161430078144,
      "transform_matrix": [
        [
          -0.32309025096094973,
          -0.000760090245038051,
          0.9463678523685438,
          3.7749223836499195
        ],
        [
          0.9463680148823278,
          0.00028971141088963835,
          0.32309053912948354,
          1.7238420193306718
        ],
        [
          -0.000519751532786697,
          0.999999669164924,
          0.0006257221638775095,
          2.0498953816930063
        ],
        [
          0.0,
          0.0,
          0.0,
          1.0
        ]
      ]
    },
    {
      "file_path": "images/frame_00023.png",
      "sharpness": 47.00041355501976,
      "transform_matrix": [
        [
          -0.34065070785712476,
          -0.00014864498238889484,
          0.9401899133371667,
          4.121825898615821
        ],
        [
          0.9401897085524366,
          0.0006248328523709395,
          0.3406507324459921,
          1.911410756215097
        ],
        [
          -0.0006380975674460509,
          0.9999997937441865,
          -7.309527078253843e-05,
          2.1014613652660232
        ],
        [
          0.0,
          0.0,
          0.0,
          1.0
        ]
      ]
    },
    {
      "file_path": "images/frame_00024.png",
      "sharpness": 46.56263756308227,
      "transform_matrix": [
        [
          -0.35752022881084944,
          -0.0007899157967565189,
          0.9339050604980742,
          4.382689772276819
        ],
        [
          0.9339052065789876,
          0.0003320883644657716,
          0.357520565621024,
          2.0406129393114254
        ],
        [
          -0.00059255014655649,
          0.9999996328750286,
          0.0006189781673006903,
          2.209814570135021
        ],
        [
          0.0,
          0.0,
          0.0,
          1.0
        ]
      ]
    },
    {
      "file_path": "images/frame_00025.png",
      "sharpness": 46.665427577005204,
      "transform_matrix": [
        [
          -0.37460126935642246,
          -0.0010603214635401708,
          0.9271853993214036,
          4.699403347210727
        ],
        [
          0.9271856674505846,
          0.00042567494219877675,
          0.37460186448422483,
          2.0727831375231385
        ],
        [
          -0.0007918779884584827,
          0.9999993472593256,
          0.0008236564902038016,
          2.313361196598732
        ],
        [
          0.0,
          0.0,
          0.0,
          1.0
        ]
      ]
    },
    {
      "file_path": "images/frame_00026.png",
      "sharpness": 46.930251197086385,
      "transform_matrix": [
        [
          -0.39150528986975236,
          -0.0015381563596828637,
          0.920174571523716,
          5.016351206871895
        ],
        [
          0.9201755111996212,
          0.00021264438091245902,
          0.39150604512686993,
          2.109487118137505
        ],
        [
          -0.000797867465259234,
          0.9999987944278833,
          0.0013321224145878324,
          2.4184975546626486
        ],
        [
          0.0,
          0.0,
          0.0,
          1.0
        ]
      ]
    },
    {
      "file_path": "images/frame_00014.png",
      "sharpness": 52.59983458156207,
      "transform_matrix": [
        [
          -0.18165480048790797,
          -0.0006015277805362172,
          0.9833621772388172,
          1.2883197319669026
        ],
        [
          0.9833622626651531,
          0.0003365859902974924,
          0.1816550221599762,
          0.9561306363429392
        ],
        [
          -0.0004402564745501758,
          0.9999997624369918,
          0.0005303772584095381,
          1.3328211771678828
        ],
        [
          0.0,
          0.0,
          0.0,
          1.0
        ]
      ]
    },
    {
      "file_path": "images/frame_00028.png",
      "sharpness": 47.739069531211506,
      "transform_matrix": [
        [
          -0.42499668298490584,
          -0.0006565751620832107,
          0.9051946687650805,
          5.625530760418227
        ],
        [
          0.9051946841171142,
          0.0003933020887514907,
          0.42499697547110254,
          2.4273110563545925
        ],
        [
          -0.0006350574120068387,
          0.9999997071111388,
          0.0004271762633106477,
          2.566347021478758
        ],
        [
          0.0,
          0.0,
          0.0,
          1.0
        ]
      ]
    },
    {
      "file_path": "images/frame_00059.png",
      "sharpness": 62.47921633160246,
      "transform_matrix": [
        [
          -0.40807581712627067,
          -0.00021124096902786876,
          0.9129480176076945,
          5.371029177547183
        ],
        [
          0.9129480375705608,
          -0.00019344546429961223,
          0.40807578128935135,
          2.288958720216177
        ],
        [
          9.040332967115875e-05,
          0.9999999589779718,
          0.0002717924440419427,
          -1.25386784877763
        ],
        [
          0.0,
          0.0,
          0.0,
          1.0
        ]
      ]
    },
    {
      "file_path": "images/frame_00060.png",
      "sharpness": 63.863195313583255,
      "transform_matrix": [
