{
    "camera_intrinsics": {
        "1": {
            "width": 1370,
            "height": 913,
            "focal_length": [
                1511.4465585954013,
                1513.0094765127171
            ],
            "principal_point": [
                686.6854575146281,
                455.8992712479261
            ]
        }
    },
    "frames": [
        {
            "file_path": "/home/roar/Desktop/jsea/images_wb/MTN_1106.png",
            "transform_matrix": [
                [
                    0.9619625090150539,
                    0.01625096740695603,
                    0.2726977031582783,
                    -4.012225465143295
                ],
                [
                    0.020322532553157975,
                    0.9912059238649601,
                    -0.13075859882102098,
                    0.9001074850017442
                ],
                [
                    -0.2724245325224735,
                    0.1313267777467677,
                    0.9531726766575733,
                    -1.206063639731193
                ],
                [
                    0.0,
                    0.0,
                    0.0,
                    1.0
                ]
            ],
            "camera_id": 1
        },
        {
            "file_path": "/home/roar/Desktop/jsea/images_wb/MTN_1105.png",
            "transform_matrix": [
                [
                    0.975775338708318,
                    -0.042761615270649256,
                    0.21455519715940785,
                    -3.482330041434429
                ],
                [
                    0.07158261121325539,
                    0.9891340403842332,
                    -0.12841253803680514,
                    0.5313143851855223
                ],
                [
                    -0.20673272150426336,
                    0.14066020905930354,
                    0.968233591364622,
                    -1.2645854466759054
                ],
                [
                    0.0,
                    0.0,
                    0.0,
                    1.0
                ]
            ],
            "camera_id": 1
        },
        {
            "file_path": "/home/roar/Desktop/jsea/images_wb/MTN_1107.png",
            "transform_matrix": [
                [
                    0.9499493220239603,
                    0.028883583735257824,
                    0.31106594827596673,
                    -4.501887012243975
                ],
                [
                    0.009136724593930633,
                    0.9927221734413538,
                    -0.12008000092259039,
                    1.1129414549314034
                ],
                [
                    -0.31227040501769093,
                    0.11691203936499867,
                    0.9427718542688917,
                    -1.158055757425379
                ],
                [
                    0.0,
                    0.0,
                    0.0,
                    1.0
                ]
            ],
            "camera_id": 1
        },
        {
            "file_path": "/home/roar/Desktop/jsea/images_wb/MTN_1109.png",
            "transform_matrix": [
                [
                    0.8686257704035993,
                    -0.04573214446213068,
                    0.4933536682276199,
                    -5.643074754238747
                ],
                [
                    0.10702484845228939,
                    0.9895420526569321,
                    -0.09670681380993768,
                    0.8975256282099998
                ],
                [
                    -0.48377159156415755,
                    0.13680313222437662,
                    0.8644362036663444,
                    -0.25271149809451415
                ],
                [
                    0.0,
                    0.0,
                    0.0,
                    1.0
                ]
            ],
            "camera_id": 1
        },
        {
            "file_path": "/home/roar/Desktop/jsea/images_wb/MTN_1108.png",
            "transform_matrix": [
                [
                    0.9314786204924421,
                    0.04050302950835165,
                    0.3615343471458039,
                    -4.992767366153288
                ],
                [
                    -0.009834131241455669,
                    0.9962232070466532,
                    -0.08627057206491082,
                    1.3036196390156793
                ],
                [
                    -0.36366312629715825,
                    0.07680381723799112,
                    0.9283589307102347,
                    -1.0104406590260917
                ],
                [
                    0.0,
                    0.0,
                    0.0,
                    1.0
                ]
            ],
            "camera_id": 1
        },
        {
            "file_path": "/home/roar/Desktop/jsea/images_wb/MTN_1104.png",
            "transform_matrix": [
                [
                    0.984439013011837,
                    -0.021865538156326143,
                    0.17436091276835705,
                    -2.88079447944116
                ],
                [
                    0.031764952128164055,
                    0.9980253661763729,
                    -0.05418815631493928,
                    0.4116856774727847
                ],
                [
                    -0.17283176061296088,
                    0.058883501166719816,
                    0.983189664212238,
                    -1.1916060052589934
                ],
                [
                    0.0,
                    0.0,
                    0.0,
                    1.0
                ]
            ],
            "camera_id": 1
        },
        {
            "file_path": "/home/roar/Desktop/jsea/images_wb/MTN_1103.png",
            "transform_matrix": [
                [
                    0.9949322509904107,
                    0.018499941554202932,
                    0.09883100779434265,
                    -2.2276577479799844
                ],
                [
                    -0.015133414512038807,
                    0.9992830055829166,
                    -0.034705252028754706,
                    0.36305624832160344
                ],
                [
                    -0.09940219164767522,
                    0.03303372391456411,
                    0.9944988574050626,
                    -1.0758561562062365
                ],
                [
                    0.0,
                    0.0,
                    0.0,
                    1.0
                ]
            ],
            "camera_id": 1
        },
        {
            "file_path": "/home/roar/Desktop/jsea/images_wb/MTN_1094.png",
            "transform_matrix": [
                [
                    0.9666053424796917,
                    -0.0874588955625952,
                    -0.2408839004099052,
                    2.155772163296141
                ],
                [
                    0.08623028776716316,
                    0.9961521824759546,
                    -0.015657803804639797,
                    -0.5937694105844222
                ],
                [
                    0.24132643734433717,
                    -0.005636571241759121,
                    0.9704276272362232,
                    2.243677954780392
                ],
                [
                    0.0,
                    0.0,
                    0.0,
                    1.0
                ]
            ],
            "camera_id": 1
        },
        {
            "file_path": "/home/roar/Desktop/jsea/images_wb/MTN_1101.png",
            "transform_matrix": [
                [
                    0.9998268561165479,
                    0.004615377685367265,
                    0.018026538129140898,
                    -1.1020159344430989
                ],
                [
                    -0.004216266708017995,
                    0.9997465253572726,
                    -0.022115789181198487,
                    0.23388532077617613
                ],
                [
                    -0.018124041578710195,
                    0.02203595527499933,
                    0.9995928850246841,
                    -0.6183820815047423
                ],
                [
                    0.0,
                    0.0,
                    0.0,
                    1.0
                ]
            ],
            "camera_id": 1
        },
        {
            "file_path": "/home/roar/Desktop/jsea/images_wb/MTN_1093.png",
            "transform_matrix": [
                [
                    0.9681546098688264,
                    -0.06526208811030883,
                    -0.24169714778048756,
                    2.6857517755168425
                ],
                [
                    0.062471674113379415,
                    0.9978620604501915,
                    -0.01919891266634969,
                    -0.7125687944631799
                ],
                [
                    0.24243337501922518,
                    0.0034882903521195295,
                    0.9701617857384442,
                    2.707589320025715
                ],
                [
                    0.0,
                    0.0,
                    0.0,
                    1.0
                ]
            ],
            "camera_id": 1
        },
        {
            "file_path": "/home/roar/Desktop/jsea/images_wb/MTN_1096.png",
            "transform_matrix": [
                [
                    0.9845181107563323,
                    -0.07237623505132376,
                    -0.15964263275384089,
                    1.29435544487165
                ],
                [
                    0.06588800916630386,
                    0.9967856947914616,
                    -0.04557465202504609,
                    -0.47623643409248323
                ],
                [
                    0.16242801433522247,
                    0.03435053505985768,
                    0.9861222951035121,
                    1.1757453647952247
                ],
                [
                    0.0,
                    0.0,
                    0.0,
                    1.0
                ]
            ],
            "camera_id": 1
        },
        {
            "file_path": "/home/roar/Desktop/jsea/images_wb/MTN_1099.png",
            "transform_matrix": [
                [
                    0.997347400709395,
                    -0.06597373942772092,
                    -0.030751065089468448,
                    -0.09724322069734978
                ],
                [
                    0.06691021766607105,
                    0.9972930473107906,
                    0.030489351541747107,
                    -0.015778856789129346
                ],
                [
                    0.02865632687719305,
                    -0.03246603596807631,
                    0.9990619457463221,
                    0.015052999984701295
                ],
                [
                    0.0,
                    0.0,
                    0.0,
                    1.0
                ]
            ],
            "camera_id": 1
        },
        {
            "file_path": "/home/roar/Desktop/jsea/images_wb/MTN_1095.png",
            "transform_matrix": [
                [
                    0.9729662563641184,
                    -0.05481745193701586,
                    -0.2243472998275792,
                    1.7412819582461536
                ],
                [
                    0.06129918634213381,
                    0.997876424553247,
                    0.022023875104540833,
                    -0.5085408563276506
                ],
                [
                    0.22266358869511002,
                    -0.03518079424858134,
                    0.9742603543126724,
                    1.8217571000516668
                ],
                [
                    0.0,
                    0.0,
                    0.0,
                    1.0
                ]
            ],
            "camera_id": 1
        },
        {
            "file_path": "/home/roar/Desktop/jsea/images_wb/MTN_1097.png",
            "transform_matrix": [
                [
                    0.9879905947077317,
                    -0.06957082670456065,
                    -0.13796552047778746,
                    0.8275076716400969
                ],
                [
                    0.07104309534489843,
                    0.9974565594981705,
                    0.005769793574170231,
                    -0.29390068536177627
                ],
                [
                    0.13721320407627854,
                    -0.015501999410297285,
                    0.9904202262885208,
                    0.7804651623648674
                ],
                [
                    0.0,
                    0.0,
                    0.0,
                    1.0
                ]
            ],
            "camera_id": 1
        },
        {
            "file_path": "/home/roar/Desktop/jsea/images_wb/MTN_1092.png",
            "transform_matrix": [
                [
                    0.9551677475774701,
                    -0.11545268958455408,
                    -0.27262657694266496,
                    3.0505641877342953
                ],
                [
                    0.08786588699631577,
                    0.989888579913789,
                    -0.1113561190892217,
                    -0.8890299547308878
                ],
                [
                    0.2827262985470805,
                    0.08240919744758383,
                    0.9556539982053716,
                    3.2155018594443994
                ],
                [
                    0.0,
                    0.0,
                    0.0,
                    1.0
                ]
            ],
            "camera_id": 1
        },
        {
            "file_path": "/home/roar/Desktop/jsea/images_wb/MTN_1090.png",
            "transform_matrix": [
                [
                    0.9444025080831984,
                    -0.09787831919933983,
                    -0.3138849110054139,
                    3.935099576135218
                ],
                [
                    0.060400006876593124,
                    0.9900619175985164,
                    -0.12700093893533326,
                    -1.1674440524560263
                ],
                [
                    0.3231961353349881,
                    0.10098135447626402,
                    0.9409288092904091,
                    4.251960386056247
                ],
                [
                    0.0,
                    0.0,
                    0.0,
                    1.0
                ]
            ],
            "camera_id": 1
        },
        {
            "file_path": "/home/roar/Desktop/jsea/images_wb/MTN_1100.png",
            "transform_matrix": [
                [
                    0.9999999981794249,
                    5.9589588562673595e-05,
                    -9.498999845967316e-06,
                    -0.612857005000408
                ],
                [
                    -5.959081688463139e-05,
                    0.9999999898570912,
                    -0.00012936286976787854,
                    0.15071782371450793
                ],
                [
                    9.49129106943507e-06,
                    0.00012936343558552415,
                    0.9999999915875084,
                    -0.3349755303656567
                ],
                [
                    0.0,
                    0.0,
                    0.0,
                    1.0
                ]
            ],
            "camera_id": 1
        },
        {
            "file_path": "/home/roar/Desktop/jsea/images_wb/MTN_1098.png",
            "transform_matrix": [
                [
                    0.9955832538230358,
                    -0.07075664364414094,
                    -0.06170479792814048,
                    0.35739630834240715
                ],
                [
                    0.07049646800737402,
                    0.9974915867187377,
                    -0.00638611179202573,
                    -0.14950120176549417
                ],
                [
                    0.062001876629839935,
                    0.00200793564414,
                    0.9980740130315122,
                    0.31066734852815725
                ],
                [
                    0.0,
                    0.0,
                    0.0,
                    1.0
                ]
            ],
            "camera_id": 1
        },
        {
            "file_path": "/home/roar/Desktop/jsea/images_wb/MTN_1091.png",
            "transform_matrix": [
                [
                    0.9502572861019112,
                    -0.11618090676474452,
                    -0.28898630956076854,
                    3.5040249199179034
                ],
                [
                    0.07556930122943328,
                    0.9861031920670789,
                    -0.1479519357994788,
                    -1.0972861290356564
                ],
                [
                    0.30215951238034156,
                    0.11875391150795694,
                    0.9458314530505076,
                    3.697049912016172
                ],
                [
                    0.0,
                    0.0,
                    0.0,
                    1.0
                ]
            ],
            "camera_id": 1
        },
        {
            "file_path": "/home/roar/Desktop/jsea/images_wb/MTN_1102.png",
            "transform_matrix": [
                [
                    0.9966119584377388,
                    0.0033530470746374126,
                    0.08217883775163876,
                    -1.691364466859913
                ],
                [
                    -0.0013478713308750592,
                    0.9997003046419046,
                    -0.02444348873950992,
                    0.3154475530735005
                ],
                [
                    -0.08223616930384287,
                    0.024249906684323728,
                    0.9963177979359955,
                    -0.8722592715524542
                ],
                [
                    0.0,
                    0.0,
                    0.0,
                    1.0
                ]
            ],
            "camera_id": 1
        }
    ]
}