{
    "camera_intrinsics": {
        "1": {
            "width": 1264,
            "height": 832,
            "focal_length": [
                1040.007303759328,
                1040.007303759328
            ],
            "principal_point": [
                1040.192756666184,
                632.0
            ]
        }
    },
    "frames": [
        {
            "file_path": "/home/roar/Desktop/playroom/images/DSC05805.jpg",
            "transform_matrix": [
                [
                    -0.6209059907197124,
                    0.40606902006243506,
                    0.6705100309718766,
                    0.6146865000407022
                ],
                [
                    0.68580053689107,
                    0.6956946525741488,
                    0.21374417882051153,
                    1.187107094188453
                ],
                [
                    -0.37967535380676637,
                    0.5925511803424818,
                    -0.7104433294686067,
                    -1.8916268677353822
                ],
                [
                    0.0,
                    0.0,
                    0.0,
                    1.0
                ]
            ],
            "camera_id": 1
        },
        {
            "file_path": "/home/roar/Desktop/playroom/images/DSC05804.jpg",
            "transform_matrix": [
                [
                    -0.26046000742261166,
                    -0.7841191630569387,
                    -0.5633096152741396,
                    -1.0578170424527504
                ],
                [
                    -0.6465366394197561,
                    -0.29166011808996495,
                    0.704928896700622,
                    -1.435843783683522
                ],
                [
                    -0.7170432054076111,
                    0.5478060912792353,
                    -0.43099597206487295,
                    -1.1069987931225436
                ],
                [
                    0.0,
                    0.0,
                    0.0,
                    1.0
                ]
            ],
            "camera_id": 1
        },
        {
            "file_path": "/home/roar/Desktop/playroom/images/DSC05803.jpg",
            "transform_matrix": [
                [
                    -0.15112213064336527,
                    -0.8731327960622117,
                    -0.46346652745413464,
                    -0.8168536064984184
                ],
                [
                    -0.6493232270255365,
                    -0.2658363127706184,
                    0.7125380001499331,
                    -0.9874269623479411
                ],
                [
                    -0.7453465291224973,
                    0.4086198419718583,
                    -0.5267716547726732,
                    -0.3657944325230916
                ],
                [
                    0.0,
                    0.0,
                    0.0,
                    1.0
                ]
            ],
            "camera_id": 1
        },
        {
            "file_path": "/home/roar/Desktop/playroom/images/DSC05802.jpg",
            "transform_matrix": [
                [
                    -0.13454544915541283,
                    -0.8700447386722516,
                    -0.4742569712933083,
                    -0.7584402737711865
                ],
                [
                    -0.7081939907749002,
                    -0.2503276125728005,
                    0.6601494965641667,
                    0.6031243418397552
                ],
                [
                    -0.6930792115926498,
                    0.42468604767797064,
                    -0.5824800145633975,
                    0.8479415325539039
                ],
                [
                    0.0,
                    0.0,
                    0.0,
                    1.0
                ]
            ],
            "camera_id": 1
        },
        {
            "file_path": "/home/roar/Desktop/playroom/images/DSC05801.jpg",
            "transform_matrix": [
                [
                    -0.05990083508115024,
                    -0.8947942099790375,
                    -0.4424423258963491,
                    -0.9239691899015472
                ],
                [
                    -0.8058486543929754,
                    -0.21822605015849955,
                    0.5504410388454436,
                    2.128623487205271
                ],
                [
                    -0.5890838956970491,
                    0.389513430859849,
                    -0.7079967874292779,
                    1.00926957568949
                ],
                [
                    0.0,
                    0.0,
                    0.0,
                    1.0
                ]
            ],
            "camera_id": 1
        },
        {
            "file_path": "/home/roar/Desktop/playroom/images/DSC05800.jpg",
            "transform_matrix": [
                [
                    0.021542965361269317,
                    -0.9056254767466874,
                    -0.42353086842729504,
                    -1.1252858409634172
                ],
                [
                    0.9889931805395689,
                    0.08133117014151603,
                    -0.12360311326839551,
                    -2.7566032772666738
                ],
                [
                    0.14638438950130991,
                    -0.41620636303491004,
                    0.8974095352065197,
                    -1.5883379114884602
                ],
                [
                    0.0,
                    0.0,
                    0.0,
                    1.0
                ]
            ],
            "camera_id": 1
        },
        {
            "file_path": "/home/roar/Desktop/playroom/images/DSC05799.jpg",
            "transform_matrix": [
                [
                    0.01007467781889082,
                    -0.9537687804415947,
                    -0.30037245932641526,
                    -1.1093666015893127
                ],
                [
                    0.9428333092975182,
                    -0.09100741588877914,
                    0.3205978807358799,
                    -2.8249113268932087
                ],
                [
                    -0.3331123710490744,
                    -0.2864310802063915,
                    0.8983281051741971,
                    -0.21494585714336586
                ],
                [
                    0.0,
                    0.0,
                    0.0,
                    1.0
                ]
            ],
            "camera_id": 1
        },
        {
            "file_path": "/home/roar/Desktop/playroom/images/DSC05798.jpg",
            "transform_matrix": [
                [
                    -0.013614978203940753,
                    -0.9385436865594277,
                    -0.34489183925970945,
                    -1.0197618312961148
                ],
                [
                    0.7606337862110133,
                    -0.2336109297341451,
                    0.6056914864706676,
                    -2.5680845896786546
                ],
                [
                    -0.64903842385702,
                    -0.2540899091427824,
                    0.7170686455486726,
                    0.7035155610493373
                ],
                [
                    0.0,
                    0.0,
                    0.0,
                    1.0
                ]
            ],
            "camera_id": 1
        },
        {
            "file_path": "/home/roar/Desktop/playroom/images/DSC05797.jpg",
            "transform_matrix": [
                [
                    -0.09647415670063031,
                    -0.942619059648837,
                    -0.3196279798072203,
                    -0.7904225444023115
                ],
                [
                    0.44390105480243813,
                    -0.3281681125495197,
                    0.8338210500167101,
                    -1.816478009717394
                ],
                [
                    -0.8908673249335084,
                    -0.06144101474120145,
                    0.4500893367692532,
                    1.4922973706675318
                ],
                [
                    0.0,
                    0.0,
                    0.0,
                    1.0
                ]
            ],
            "camera_id": 1
        },
        {
            "file_path": "/home/roar/Desktop/playroom/images/DSC05796.jpg",
            "transform_matrix": [
                [
                    -0.05542061821385447,
                    -0.9534874473485255,
                    -0.2962941829087899,
                    -0.7781123309556696
                ],
                [
                    0.8422523708999632,
                    -0.204014616318138,
                    0.49898795580850897,
                    1.4999995059274582
                ],
                [
                    -0.5362270962849468,
                    -0.2219002570466206,
                    0.8143836793136624,
                    1.3786373458198413
                ],
                [
                    0.0,
                    0.0,
                    0.0,
                    1.0
                ]
            ],
            "camera_id": 1
        },
        {
            "file_path": "/home/roar/Desktop/playroom/images/DSC05795.jpg",
            "transform_matrix": [
                [
                    -0.03393105365763183,
                    -0.9368494289850583,
                    -0.3480830806115887,
                    -0.9790560129966505
                ],
                [
                    0.9519157925235636,
                    -0.1363993980937679,
                    0.274320119830636,
                    3.2823510656404804
                ],
                [
                    -0.30447497030448906,
                    -0.32203781083908256,
                    0.8964299419631474,
                    1.229943372751545
                ],
                [
                    0.0,
                    0.0,
                    0.0,
                    1.0
                ]
            ],
            "camera_id": 1
        },
        {
            "file_path": "/home/roar/Desktop/playroom/images/DSC05794.jpg",
            "transform_matrix": [
                [
                    -0.6726873119837056,
                    0.28025001809194605,
                    -0.6848004874820117,
                    0.41493186741550786
                ],
                [
                    0.20550324438654746,
                    0.9598484475056427,
                    0.19094338000467664,
                    1.5021054349574428
                ],
                [
                    0.7108165704615643,
                    -0.012283532898613558,
                    -0.7032701600215873,
                    -0.8149126235451459
                ],
                [
                    0.0,
                    0.0,
                    0.0,
                    1.0
                ]
            ],
            "camera_id": 1
        },
        {
            "file_path": "/home/roar/Desktop/playroom/images/DSC05793.jpg",
            "transform_matrix": [
                [
                    -0.42900922938171393,
                    -0.35483501661239525,
                    0.8306883844685617,
                    -0.3191612737358261
                ],
                [
                    -0.21187538272146855,
                    0.933488398958605,
                    0.289323748085655,
                    1.5514218654686465
                ],
                [
                    -0.8781001670094017,
                    -0.051879861173498895,
                    -0.4756559436217309,
                    -1.2257236751208251
                ],
                [
                    0.0,
                    0.0,
                    0.0,
                    1.0
                ]
            ],
            "camera_id": 1
        },
        {
            "file_path": "/home/roar/Desktop/playroom/images/DSC05791.jpg",
            "transform_matrix": [
                [
                    0.5683748780704413,
                    0.3445161051480502,
                    -0.7471670839056205,
                    1.1119593833033095
                ],
                [
                    0.2590228535054089,
                    0.7870115109166531,
                    0.559928605311965,
                    1.4210878539949658
                ],
                [
                    0.7809335178748101,
                    -0.5117827028908895,
                    0.358080026923269,
                    -1.7707736176470195
                ],
                [
                    0.0,
                    0.0,
                    0.0,
                    1.0
                ]
            ],
            "camera_id": 1
        },
        {
            "file_path": "/home/roar/Desktop/playroom/images/DSC05790.jpg",
            "transform_matrix": [
                [
                    -0.9971533392286223,
                    0.05780258611633378,
                    0.04841569067433795,
                    -0.798629752597177
                ],
                [
                    0.07097952238021134,
                    0.5029693330258542,
                    0.8613847905774776,
                    1.6419375295231369
                ],
                [
                    0.025438660890196925,
                    0.8623692428848513,
                    -0.5056403499112021,
                    1.5914692080859958
                ],
                [
                    0.0,
                    0.0,
                    0.0,
                    1.0
                ]
            ],
            "camera_id": 1
        },
        {
            "file_path": "/home/roar/Desktop/playroom/images/DSC05789.jpg",
            "transform_matrix": [
                [
                    -0.8533903347667513,
                    0.21598868759659695,
                    -0.47441945929419066,
                    -0.10864210194213304
                ],
                [
                    -0.2793049382601828,
                    0.5789811456129281,
                    0.7660088671080884,
                    1.549483125224837
                ],
                [
                    0.4401291719372485,
                    0.7862122613232644,
                    -0.43377020662418875,
                    1.7549163301854505
                ],
                [
                    0.0,
                    0.0,
                    0.0,
                    1.0
                ]
            ],
            "camera_id": 1
        },
        {
            "file_path": "/home/roar/Desktop/playroom/images/DSC05788.jpg",
            "transform_matrix": [
                [
                    -0.17111025219563308,
                    0.4322755161610763,
                    -0.8853582098344278,
                    0.6773232308267533
                ],
                [
                    -0.568090700876142,
                    0.6909054317706123,
                    0.44712709594467426,
                    1.618408947700863
                ],
                [
                    0.8049808924263987,
                    0.5794717961018805,
                    0.12735069827393952,
                    1.7045743252171066
                ],
                [
                    0.0,
                    0.0,
                    0.0,
                    1.0
                ]
            ],
            "camera_id": 1
        },
        {
            "file_path": "/home/roar/Desktop/playroom/images/DSC05787.jpg",
            "transform_matrix": [
                [
                    0.8296463442827186,
                    0.11657702935740252,
                    -0.5459823620269468,
                    0.622189878731261
                ],
                [
                    -0.19486487742823413,
                    0.9769178312891099,
                    -0.08751702951004046,
                    2.237768135433555
                ],
                [
                    0.523177429715006,
                    0.17900096964984663,
                    0.8332130759302896,
                    0.9607696036453853
                ],
                [
                    0.0,
                    0.0,
                    0.0,
                    1.0
                ]
            ],
            "camera_id": 1
        },
        {
            "file_path": "/home/roar/Desktop/playroom/images/DSC05786.jpg",
            "transform_matrix": [
                [
                    0.739597641677389,
                    -0.2871638719903564,
                    0.6087135936125878,
                    -0.12343057261491336
                ],
                [
                    0.39551693282618805,
                    0.9172108210066479,
                    -0.04786089924014768,
                    2.288007643214174
                ],
                [
                    -0.5445747738125675,
                    0.2761543417218298,
                    0.7919451340056165,
                    0.8122920227437298
                ],
                [
                    0.0,
                    0.0,
                    0.0,
                    1.0
                ]
            ],
            "camera_id": 1
        },
        {
            "file_path": "/home/roar/Desktop/playroom/images/DSC05785.jpg",
            "transform_matrix": [
                [
                    -0.0380084361386257,
                    -0.3931629973964756,
                    0.9186828703423805,
                    -0.4960686707413901
                ],
                [
                    0.5203334167823109,
                    0.7770909184649903,
                    0.35409439393879655,
                    2.151743671107684
                ],
                [
                    -0.8531169287746797,
                    0.4914799710236996,
                    0.17503983523930033,
                    1.055724917882251
                ],
                [
                    0.0,
                    0.0,
                    0.0,
                    1.0
                ]
            ],
            "camera_id": 1
        },
        {
            "file_path": "/home/roar/Desktop/playroom/images/DSC05784.jpg",
            "transform_matrix": [
                [
                    0.726036896573869,
                    -0.4304752544199869,
                    0.5362475922047879,
                    4.6949191161775445
                ],
                [
                    0.5312555938999938,
                    0.8462700621917836,
                    -0.0399308876420198,
                    0.4504731009167773
                ],
                [
                    -0.4366210241884257,
                    0.31387583081524817,
                    0.8431156765632388,
                    2.269059146541819
                ],
                [
                    0.0,
                    0.0,
                    0.0,
                    1.0
                ]
            ],
            "camera_id": 1
        },
        {
            "file_path": "/home/roar/Desktop/playroom/images/DSC05783.jpg",
            "transform_matrix": [
                [
                    0.6959949188543111,
                    -0.6881674497007377,
                    -0.20497959435359317,
                    -0.07135840152767134
                ],
                [
                    0.5838219616123117,
                    0.7085345818571418,
                    -0.39639710323320687,
                    -0.9304592407508188
                ],
                [
                    0.4180227147753257,
                    0.1562187808328691,
                    0.8949037392071612,
                    5.344488726940686
                ],
                [
                    0.0,
                    0.0,
                    0.0,
                    1.0
                ]
            ],
            "camera_id": 1
        },
        {
            "file_path": "/home/roar/Desktop/playroom/images/DSC05782.jpg",
            "transform_matrix": [
                [
                    0.6746211460000844,
                    -0.6828201354077128,
                    -0.28043354302102613,
                    0.837014118362822
                ],
                [
                    0.6663371123808164,
                    0.7267855957921058,
                    -0.1666659845712649,
                    0.48554713304486313
                ],
                [
                    0.31761794979743846,
                    -0.07442687976065283,
                    0.9452933288326778,
                    5.422190961416205
                ],
                [
                    0.0,
                    0.0,
                    0.0,
                    1.0
                ]
            ],
            "camera_id": 1
        },
        {
            "file_path": "/home/roar/Desktop/playroom/images/DSC05781.jpg",
            "transform_matrix": [
                [
                    0.7421006905475005,
                    -0.627535098481352,
                    -0.23555522762809275,
                    3.0277903731772264
                ],
                [
                    0.645093240530403,
                    0.764096806828445,
                    -0.003283415380018917,
                    1.1231760751756774
                ],
                [
                    0.1820474556562285,
                    -0.14951846029361673,
                    0.9718554182184301,
                    5.263641255824084
                ],
                [
                    0.0,
                    0.0,
                    0.0,
                    1.0
                ]
            ],
            "camera_id": 1
        },
        {
            "file_path": "/home/roar/Desktop/playroom/images/DSC05780.jpg",
            "transform_matrix": [
                [
                    0.9738142328322278,
                    0.09254703635849446,
                    0.20765569097580538,
                    -0.8705347172562241
                ],
                [
                    0.006419062094051582,
                    0.9018368254776397,
                    -0.43202909144436785,
                    -1.140075909149879
                ],
                [
                    -0.22725456117581533,
                    0.4220490330206583,
                    0.8776274711693538,
                    1.8903577147714814
                ],
                [
                    0.0,
                    0.0,
                    0.0,
                    1.0
                ]
            ],
            "camera_id": 1
        },
        {
            "file_path": "/home/roar/Desktop/playroom/images/DSC05779.jpg",
            "transform_matrix": [
                [
                    -0.1073131730827116,
                    -0.968609784070849,
                    -0.2242297239108661,
                    -0.13585179479868134
                ],
                [
                    0.8860832455651113,
                    -0.19546711225349167,
                    0.42029643105322634,
                    -1.049413794228747
                ],
                [
                    -0.45093277194246867,
                    -0.1535828578634483,
                    0.8792450972048563,
                    3.315486398297289
                ],
                [
                    0.0,
                    0.0,
                    0.0,
                    1.0
                ]
            ],
            "camera_id": 1
        },
        {
            "file_path": "/home/roar/Desktop/playroom/images/DSC05778.jpg",
            "transform_matrix": [
                [
                    -0.03488083379975104,
                    -0.9811903092955315,
                    -0.18986549022393145,
                    -0.04552600142826548
                ],
                [
                    0.9716914067830124,
                    -0.07771527664448685,
                    0.22310568293999555,
                    -3.419147353543521
                ],
                [
                    -0.23366458314747884,
                    -0.17670855304882832,
                    0.9561249656095716,
                    3.275607444304245
                ],
                [
                    0.0,
                    0.0,
                    0.0,
                    1.0
                ]
            ],
            "camera_id": 1
        },
        {
            "file_path": "/home/roar/Desktop/playroom/images/DSC05777.jpg",
            "transform_matrix": [
                [
                    0.14761731328343952,
                    -0.9874105229010703,
                    -0.05682946492105928,
                    -0.07565501145821676
                ],
                [
                    0.8964418108814776,
                    0.1578504280735592,
                    -0.4140957885085669,
                    -2.952790103138349
                ],
                [
                    0.4178530944273555,
                    0.010183399296362305,
                    0.9084575333257215,
                    1.0957039205459622
                ],
                [
                    0.0,
                    0.0,
                    0.0,
                    1.0
                ]
            ],
            "camera_id": 1
        },
        {
            "file_path": "/home/roar/Desktop/playroom/images/DSC05776.jpg",
            "transform_matrix": [
                [
                    0.2233114823666053,
                    -0.9433091500981099,
                    -0.2455602353485009,
                    -0.29831557696101074
                ],
                [
                    0.4791429725816063,
                    0.3256150029187324,
                    -0.8151054420747639,
                    -0.7141408156044388
                ],
                [
                    0.8488545185536163,
                    0.06436394344208324,
                    0.5246935192240255,
                    1.2651459097120374
                ],
                [
                    0.0,
                    0.0,
                    0.0,
                    1.0
                ]
            ],
            "camera_id": 1
        },
        {
            "file_path": "/home/roar/Desktop/playroom/images/DSC05775.jpg",
            "transform_matrix": [
                [
                    0.6344591864721074,
                    -0.34014935692378034,
                    0.6940892995036663,
                    0.5056731657619196
                ],
                [
                    0.5759172050633768,
                    0.8069466849882481,
                    -0.1309825198202624,
                    -2.0844819581165512
                ],
                [
                    -0.5155394394351802,
                    0.4828410324017789,
                    0.7078726042276564,
                    5.34972212566464
                ],
                [
                    0.0,
                    0.0,
                    0.0,
                    1.0
                ]
            ],
            "camera_id": 1
        },
        {
            "file_path": "/home/roar/Desktop/playroom/images/DSC05774.jpg",
            "transform_matrix": [
                [
                    0.6824874047111915,
                    -0.3223412328367614,
                    0.6559779508671454,
                    0.18893594625653629
                ],
                [
                    0.23137552385593604,
                    0.9466225108258866,
                    0.22443526674318653,
                    0.8944826813143189
                ],
                [
                    -0.6933082354703234,
                    -0.0013970007053921152,
                    0.7206398122627251,
                    5.813342784924997
                ],
                [
                    0.0,
                    0.0,
                    0.0,
                    1.0
                ]
            ],
            "camera_id": 1
        },
        {
            "file_path": "/home/roar/Desktop/playroom/images/DSC05773.jpg",
            "transform_matrix": [
                [
                    -0.029177141385411692,
                    -0.37423746346042697,
                    0.9268737861021216,
                    0.04383416742454956
                ],
                [
                    0.5834579649762766,
                    0.7465330760180653,
                    0.3197892579758544,
                    -0.13544220327923953
                ],
                [
                    -0.8116190593661029,
                    0.5501224294224979,
                    0.19657012774063898,
                    4.090814970322413
                ],
                [
                    0.0,
                    0.0,
                    0.0,
                    1.0
                ]
            ],
            "camera_id": 1
        },
        {
            "file_path": "/home/roar/Desktop/playroom/images/DSC05771.jpg",
            "transform_matrix": [
                [
                    -0.8098801280967985,
                    -0.22443419092721542,
                    0.5419626113088983,
                    0.8381699002127
                ],
                [
                    0.44062599907037825,
                    0.3771379529706611,
                    0.8146261064883267,
                    -2.3653515257307824
                ],
                [
                    -0.3872246209335673,
                    0.8985523125405364,
                    -0.20654499405918736,
                    5.384717610279915
                ],
                [
                    0.0,
                    0.0,
                    0.0,
                    1.0
                ]
            ],
            "camera_id": 1
        },
        {
            "file_path": "/home/roar/Desktop/playroom/images/DSC05770.jpg",
            "transform_matrix": [
                [
                    -0.7927353155300915,
                    -0.24146660939268186,
                    0.5597004520811182,
                    0.7062477543271773
                ],
                [
                    0.21049675483425154,
                    0.7532715077752782,
                    0.6231156808957773,
                    0.46101335547406536
                ],
                [
                    -0.5720680341669644,
                    0.6117809347490007,
                    -0.5463169887180734,
                    6.002007513838826
                ],
                [
                    0.0,
                    0.0,
                    0.0,
                    1.0
                ]
            ],
            "camera_id": 1
        },
        {
            "file_path": "/home/roar/Desktop/playroom/images/DSC05769.jpg",
            "transform_matrix": [
                [
                    -0.9994614776680193,
                    -0.015061987439358162,
                    -0.029152893373327844,
                    0.3793580686371807
                ],
                [
                    -0.0327736237931716,
                    0.4141743851116525,
                    0.909607315439387,
                    -0.06623596150790785
                ],
                [
                    -0.0016261122727727097,
                    0.9100729175465895,
                    -0.41444497886585074,
                    3.6548158056494864
                ],
                [
                    0.0,
                    0.0,
                    0.0,
                    1.0
                ]
            ],
            "camera_id": 1
        },
        {
            "file_path": "/home/roar/Desktop/playroom/images/DSC05768.jpg",
            "transform_matrix": [
                [
                    -0.9999275641481351,
                    -0.011306049297250287,
                    -0.004127917885021056,
                    0.382294682966646
                ],
                [
                    -0.011630847647780827,
                    0.8194187835090558,
                    0.5730772902633059,
                    1.8661865618550777
                ],
                [
                    -0.003096746643082319,
                    0.5730837901056245,
                    -0.8194909271483128,
                    3.216267971582557
                ],
                [
                    0.0,
                    0.0,
                    0.0,
                    1.0
                ]
            ],
            "camera_id": 1
        },
        {
            "file_path": "/home/roar/Desktop/playroom/images/DSC05767.jpg",
            "transform_matrix": [
                [
                    -0.6542079700167217,
                    0.3333774799415251,
                    -0.6788750900087872,
                    0.35537085260757634
                ],
                [
                    -0.5201457532531222,
                    0.4533056644663117,
                    0.7238524503899244,
                    -1.432730308055599
                ],
                [
                    0.5490540295265514,
                    0.8266640372186236,
                    -0.12315129812577497,
                    4.743954286568949
                ],
                [
                    0.0,
                    0.0,
                    0.0,
                    1.0
                ]
            ],
            "camera_id": 1
        },
        {
            "file_path": "/home/roar/Desktop/playroom/images/DSC05766.jpg",
            "transform_matrix": [
                [
                    -0.6583564526150243,
                    0.3501580379438946,
                    -0.6663003300040035,
                    0.33837255080787776
                ],
                [
                    -0.27779445083579074,
                    0.7096842950197548,
                    0.6474399157351632,
                    0.4115272855184584
                ],
                [
                    0.6995691705507064,
                    0.6113407804699403,
                    -0.3699532750894381,
                    4.9498769155412035
                ],
                [
                    0.0,
                    0.0,
                    0.0,
                    1.0
                ]
            ],
            "camera_id": 1
        },
        {
            "file_path": "/home/roar/Desktop/playroom/images/DSC05765.jpg",
            "transform_matrix": [
                [
                    0.005225891737827559,
                    0.37604642381325415,
                    -0.9265860873080317,
                    -0.03284534117212967
                ],
                [
                    -0.7205933406107752,
                    0.6438712535150961,
                    0.25724510950512247,
                    -1.3152418411378195
                ],
                [
                    0.693338248997521,
                    0.6663474289244024,
                    0.2743413502242973,
                    4.4638359579701605
                ],
                [
                    0.0,
                    0.0,
                    0.0,
                    1.0
                ]
            ],
            "camera_id": 1
        },
        {
            "file_path": "/home/roar/Desktop/playroom/images/DSC05764.jpg",
            "transform_matrix": [
                [
                    -0.03263667986230134,
                    0.40451371510195744,
                    -0.9139493976265745,
                    -0.13956733387639675
                ],
                [
                    -0.3001455313077893,
                    0.8682622091304761,
                    0.395010627998577,
                    1.0525013586377847
                ],
                [
                    0.9533349396531792,
                    0.28720966294725825,
                    0.0930757881846388,
                    4.633305619018988
                ],
                [
                    0.0,
                    0.0,
                    0.0,
                    1.0
                ]
            ],
            "camera_id": 1
        },
        {
            "file_path": "/home/roar/Desktop/playroom/images/DSC05763.jpg",
            "transform_matrix": [
                [
                    0.5402659069092293,
                    0.3316967980180742,
                    -0.7733627764614127,
                    0.04423096886266011
                ],
                [
                    -0.5995640991503439,
                    0.7965956347809884,
                    -0.07718993236109684,
                    -3.078099175154436
                ],
                [
                    0.5904537584278592,
                    0.5053836451968258,
                    0.6292469549596441,
                    6.190812387212357
                ],
                [
                    0.0,
                    0.0,
                    0.0,
                    1.0
                ]
            ],
            "camera_id": 1
        },
        {
            "file_path": "/home/roar/Desktop/playroom/images/DSC05762.jpg",
            "transform_matrix": [
                [
                    0.49789371872138016,
                    0.372456214265798,
                    -0.7831846610554789,
                    -0.18640086389057267
                ],
                [
                    -0.2759438341309164,
                    0.9241830535796329,
                    0.26408461500313585,
                    0.26854043421737206
                ],
                [
                    0.8221659475208911,
                    0.08462890718315567,
                    0.5629219331364343,
                    6.983051228203107
                ],
                [
                    0.0,
                    0.0,
                    0.0,
                    1.0
                ]
            ],
            "camera_id": 1
        },
        {
            "file_path": "/home/roar/Desktop/playroom/images/DSC05761.jpg",
            "transform_matrix": [
                [
                    0.9970800441589179,
                    -0.004125717587882502,
                    -0.07625197698706089,
                    2.872077845547275
                ],
                [
                    -0.021063186949300414,
                    0.9449444156249478,
                    -0.32655228300344913,
                    -0.8714663160643922
                ],
                [
                    0.07340114233163574,
                    0.3272048744038068,
                    0.9420983188981923,
                    4.504675312432007
                ],
                [
                    0.0,
                    0.0,
                    0.0,
                    1.0
                ]
            ],
            "camera_id": 1
        },
        {
            "file_path": "/home/roar/Desktop/playroom/images/DSC05760.jpg",
            "transform_matrix": [
                [
                    0.9912667460752744,
                    0.04539799482941835,
                    -0.12381138958434183,
                    2.6583017666251947
                ],
                [
                    -0.028900563015007028,
                    0.9908382176549242,
                    0.1319256756352941,
                    1.1840469061821748
                ],
                [
                    0.1286662177214873,
                    -0.1271953163441222,
                    0.9834970035121438,
                    4.63092570245018
                ],
                [
                    0.0,
                    0.0,
